0.4967141530112327 -1.4153707420504142 5.263300561432395
-0.13826430117118466 -0.42064532276535904 2.566636945620039
0.6476885381006925 -0.3427145165267695 5.368831374004124
1.5230298564080254 -0.8022772692216189 8.425168890480599
-0.23415337472333597 -0.16128571166600914 0.08115621953891017
-0.23413695694918055 0.4040508568145384 -0.044286767577202846
1.5792128155073915 1.8861859012105302 5.366487812520304
0.7674347291529088 0.17457781283183896 4.641512325539096
-0.4694743859349521 0.25755039072276437 0.8490741377784272
0.5425600435859647 -0.07444591576616721 7.5548575371787825
-0.46341769281246226 -1.9187712152990415 3.0994086475548217
-0.46572975357025687 -0.026513875449216878 1.7648902549190453
0.24196227156603412 0.06023020994102644 3.619658368250278
-1.913280244657798 2.463242112485286 -5.551691595152882
-1.7249178325130328 -0.19236096478112252 -3.297661777398322
-0.5622875292409727 0.30154734233361247 0.770559290436737
-1.0128311203344238 -0.03471176970524331 -1.7766068058356002
0.3142473325952739 -1.168678037619532 3.874601428665345
-0.9080240755212109 1.1428228145150205 -2.3522585889077567
-1.4123037013352915 0.7519330326867741 -2.906969997306326
1.465648768921554 0.7910319470430469 7.920572926395124
-0.22577630048653566 -0.9093874547947389 0.36479336074338375
0.06752820468792384 1.4027943109360992 1.4860504935021859
-1.4247481862134568 -1.4018510627922809 -2.4851093670377415
-0.5443827245251827 0.5868570938002703 -0.6919371331652517
0.11092258970986608 2.1904556258099785 1.2312627402869858
-1.1509935774223028 -0.9905363251306883 -0.3981643880407575
0.37569801834567196 -0.5662977296027719 2.615647006710482
-0.600638689918805 0.09965136508764122 -0.6168711441040244
-0.2916937497932768 -0.5034756541161992 2.307992153671045
-0.6017066122293969 -1.5506634310661327 1.0151769626608054
1.8522781845089378 0.06856297480602733 7.704730168302761
-0.013497224737933921 -1.0623037137261049 3.0673838794161172
-1.0577109289559004 0.4735924306351816 -2.2983255651086996
0.822544912103189 -0.9194242342338032 7.531003059868695
-1.2208436499710222 1.5499344050175394 -2.578546332612595
0.2088635950047554 -0.7832532923362371 1.3847014906928963
-1.9596701238797756 -0.3220615162056756 -3.370494540664223
-1.3281860488984305 0.8135172173696698 -3.459861828833349
0.19686123586912352 -1.2308643164339552 4.67388135883755
0.7384665799954104 0.22745993460412942 3.195419066949401
0.1713682811899705 1.307142754282428 1.0922256478205843
-0.11564828238824053 -1.6074832345612275 3.765525666376963
-0.3011036955892888 0.1846338585323042 1.777810248869951
-1.4785219903674274 0.25988279424842353 -3.8957451724064818
-0.7198442083947086 0.7818228717773104 -1.2758567328023847
-0.4606387709597875 -1.236950710878082 1.380089086837763
1.0571222262189157 -1.3204566130842763 5.838494059167313
0.3436182895684614 0.5219415656168976 4.274367543369584
-1.763040155362734 0.29698467323318606 -3.181123428360432
0.324083969394795 0.25049285034587654 1.4608751035034635
-0.38508228041631654 0.3464482094969757 1.4161668963088507
-0.6769220003059587 -0.6800247215784908 2.7714149176732477
0.6116762888408679 0.23225369716100355 4.635240429912747
1.030999522495951 0.29307247329868125 3.280556128235158
0.9312801191161986 -0.7143514180263678 5.023957702508712
-0.8392175232226385 1.8657745111447566 -1.1165159316260496
-0.3092123758512146 0.4738329209117875 -0.10913951408421196
0.33126343140356396 -1.1913034972026486 4.628913219559569
0.9755451271223592 0.6565536086338297 5.044715826162584
-0.47917423784528995 -0.9746816702273214 0.6102284851133687
-0.18565897666381712 0.787084603742452 0.5964131102042965
-1.1063349740060282 1.158595579007404 -5.718867841094561
-1.1962066240806708 -0.8206823183517105 -1.7923251952245918
0.812525822394198 0.9633761292443218 3.221633186545112
1.356240028570823 0.4127809269364983 4.408155976811122
-0.07201012158033385 0.82206015999449 2.594320779196144
1.0035328978920242 1.8967929826539474 1.683664333061493
0.36163602504763415 -0.2453881160028705 2.890251704448789
-0.6451197546051243 -0.7537361643574896 0.9491174778282082
0.36139560550841393 -0.8895144296255233 5.4149745352168805
1.5380365664659692 -0.8158102849654383 5.994057833183907
-0.03582603910995154 -0.0771017094141042 3.132787344239209
1.5646436558140062 0.3411519748166439 6.363012053644962
-2.6197451040897444 0.27669079933001905 -7.117434762647203
0.8219025043752238 0.8271832490360238 4.100627738352919
0.08704706823817122 0.01300189187790702 2.4471990084100765
-0.29900735046586746 1.4535340771573169 -0.9507730057137139
0.0917607765355023 -0.2646568332379561 2.6097412478344815
-1.9875689146008928 2.720169166589619 -7.068189507254058
-0.21967188783751193 0.6256673477650062 0.8288343339737061
0.3571125715117464 -0.8571575564162826 4.590625945472568
1.477894044741516 -1.0708924980611123 9.090591448431013
-0.5182702182736474 0.4824724152431853 -1.2750985688909764
-0.8084936028931876 -0.2234627853258509 1.9310153513025548
-0.5017570435845365 0.714000494092092 -2.1713594243682035
0.9154021177020741 0.47323762457354485 4.121183633497094
0.32875110965968446 -0.07282891265687277 3.6473994481205025
-0.5297602037670388 -0.846793718068405 1.5385049745023214
0.5132674331133561 -1.5148472246858646 4.43195000420534
0.09707754934804039 -0.4465149520670211 2.5296253497538674
0.9686449905328892 0.8563987943234723 3.5565352426163623
-0.7020530938773524 0.21409374413020396 -0.9096177827064726
-0.3276621465977682 -1.245738778711988 3.1123544359397077
-0.39210815313215763 0.173180925851182 1.0075101007173923
-1.4635149481321186 0.3853173797288368 -3.468771819385847
0.29612027706457605 -0.883857436201133 4.671818142828112
0.26105527217988933 0.1537251059455279 2.9367402314707496
0.00511345664246089 0.058208718445999896 2.769993770320343
-0.23458713337514692 -1.142970297830623 3.068837739628794
